EFFECT_VOLUME= 0.46256784
MUSIC_VOLUME= 0.58174783
