EFFECT_VOLUME= 0.6806001
MUSIC_VOLUME= 0.6547003
