EFFECT_VOLUME= 0.61786383
MUSIC_VOLUME= 0.079535425
