EFFECT_VOLUME= 0.2521018
MUSIC_VOLUME= 0.2698009
